300010797
1000010797
300010879
1000010879
300015003
1000015003
300028702
1000028702
300055644
1000055644
300055646
1000055646
300055647
1000055647
300127369
1000127369
300190692
1000190692
300190703
1000190703
300215302
1000215302
300241583
1000241583
300312281
1000409569
300312355
1000410051
300379097
1000538785
1000643746
300404461
1000644008
1000644009
300404670
1000644832
300411780
1000669234
300417531
1000773718
300418049
1000775508
300435443
1000810112
300435451
1000810124
300443983
1000866775
300443984
1000866776